|      Species|      ChemicalName|  FreqGHz| FreqErr|MeasFreqGHz|MeasFreqErr|                               QNs|CDMSJPL_Intensity|    Sij|log10_Aij|LovasAST_Intensity|EL_percm|     EL_K| EU_percm|     EU_K|Linelist|
|         char|              char|   double|  double|     double|     double|                              char|           double| double|   double|              char|  double|   double|   double|   double|    char|
|             |                  |         |        |           |           |                                  |                 |       |         |                  |        |         |         |         |        |
|         null|              null|     null|    null|       null|       null|                              null|             null|   null|     null|              null|    null|     null|     null|     null|    null|
         O13CS   Carbonyl Sulfide 218.19898    8e-06     218.199       3e-05                              18-17               0.0    18.0  -4.52145                nan    61.87  89.01662  69.14833  99.48846    SLAIM 
          H2CO       Formaldehyde 218.22219    1e-05   218.22219       1e-05                      3(0,3)-2(0,2)               0.0  2.9994     -3.55                0.0    7.286  10.48287  14.56511  20.95582    SLAIM 
    CH3OCHOv=0     Methyl Formate 218.28083    2e-05         nan         nan                 17(3,14)-16(3,13)E               0.0     0.0  -3.82104                1.0   62.034  89.25258  69.31506  99.72834    SLAIM 
    CH3OCHOv=0     Methyl Formate 218.29787  2.1e-05         nan         nan                 17(3,14)-16(3,13)A               0.0     0.0    -3.821                1.2   62.028  89.24394  69.30963  99.72053    SLAIM 
       HC3Nv=0     Cyanoacetylene 218.32471    6e-06   218.32479       5e-05                            J=24-23               0.0    24.0  -3.08355                0.0   83.755 120.50407  91.03753 130.98194    SLAIM 
   CH3CH2CNv=0      Ethyl Cyanide 218.39002    4e-06   218.38997       5e-05                  24(3,21)-23(3,20)               0.0 23.6297  -3.06217                nan   89.963 129.43594  97.24771 139.91695    SLAIM 
     CH3OHvt=0           Methanol 218.44005  1.5e-05   218.44005       5e-05                      4(2,2)-3(1,2)          -3.82059     0.0  -4.32915                nan    24.31  34.97647  31.59638  45.45988    SLAIM 
        NH2CHO          Formamide  218.4592  1.1e-05         0.0         0.0                     10(1,9)-9(1,8)               0.0  9.8917  -3.12193              19.4f    34.98  50.32813  42.26701  60.81246    SLAIM 
          H2CO       Formaldehyde 218.47564    1e-05   218.47563       1e-05                      3(2,2)-2(2,1)               0.0  1.6667  -3.59547                nan    40.04   57.6083  47.32756  68.09341    SLAIM 
          H2CO       Formaldehyde 218.76007    1e-05   218.76007       1e-05                      3(2,1)-2(2,0)               0.0  1.6667  -3.59378                nan   40.043  57.61261  47.34005  68.11138    SLAIM 
      HC3Nv7=1     Cyanoacetylene 218.86063  5.8e-05         0.0         0.0                       J=24-23,l=1e               0.0  23.958  -3.08037                0.6   306.36 440.78117  313.6604 451.28476    SLAIM 
        OCSv=0   Carbonyl Sulfide 218.90336      0.0   218.90336       1e-06                              18-17               0.0    18.0  -4.51737                2.8    62.07  89.30437  69.37183  99.81001    SLAIM 
       HNCOv=0     Isocyanic Acid 218.98025 1.87e-05         nan         nan              10(1,10)-9(1,9),F=9-9           -5.1208   0.099   -5.7866                nan  62.9493  90.56948  70.25369 101.07881      JPL 
       t-HCOOH        Formic Acid 219.09858  7.5e-06         0.0         0.0                      4(3,1)-5(2,4)           -6.3708   0.301  -6.74297                0.0  20.0825  28.89407  27.39084  39.40909     CDMS 
      HC3Nv7=1     Cyanoacetylene 219.17358  5.8e-05         0.0         0.0                       J=24-23,l=1f               0.0  23.958  -3.07851                0.6   306.48 440.95382 313.79084 451.47243    SLAIM 
   (CH3)2COv=0            Acetone 219.21993 1.46e-05         nan         nan                21(1,20)-20(2,19)AE            -4.859 115.215   -3.3278                nan  77.4814 111.47781  84.79379 121.99865      JPL 
   (CH3)2COv=0            Acetone 219.24214 1.09e-05         nan         nan                21(1,20)-20(1,19)EE           -4.4702 281.901  -3.36505                nan  77.4208 111.39062  84.73393 121.91252      JPL 
   CH3CH2CNv=0      Ethyl Cyanide 219.50559    4e-06   219.50559       5e-05                  24(2,22)-23(2,21)               0.0 23.8312  -3.05185                nan   86.944  125.0923  94.26592 135.62685    SLAIM 
          C18O    Carbon Monoxide 219.56036      0.0   219.56036       1e-06                                2-1               0.0     2.0  -6.21833                3.5    3.662   5.26877  10.98575  15.80595    SLAIM 
       HNCOv=0     Isocyanic Acid 219.65624 1.81e-05         nan         nan               10(3,8)-9(3,7),F=9-9           -5.6561   0.091  -5.81915                nan 303.6759 436.91937 311.00284 447.46114      JPL 
       HNCOv=0     Isocyanic Acid 219.73382  1.1e-05   219.73385       3e-05                     10(2,9)-9(2,8)               0.0     9.6  -3.82212                nan   151.48 217.94468 158.80953 228.49018    SLAIM 
       HNCOv=0     Isocyanic Acid 219.79754 1.39e-05         nan         nan              10(0,10)-9(0,9),F=9-9           -5.0508     0.1  -5.77735                nan   32.994  47.47073  40.32566  58.01929      JPL 
        H213CO       Formaldehyde 219.90849    3e-06   219.90852     5.6e-05                      3(1,2)-2(1,1)               0.0  2.6666  -3.07045                nan   15.558  22.38436  22.89336  32.93825    SLAIM 
 SO3&Sigma;v=0    Sulfur Monoxide 219.94943  1.7e-05   219.94944       1e-05                          6(5)-5(4)               0.0     0.0       0.0                nan   16.979  24.42885  24.31572   34.9847    SLAIM 
          H2CN Methylene amidogen 219.98449    8e-06         nan         nan 3(0,3)-2(0,2),F=3/2-3/2,(n=21-17)*           -3.9868   0.894  -3.74794                nan   7.3606   10.5902  14.69849  21.14773     CDMS 
          H2CN Methylene amidogen 219.99422  7.5e-06         nan         nan 3(2,2)-2(2,1),F=5/2-3/2,(n=16-16)*           -3.9745   1.077  -3.84291                nan  40.3944   58.1182  47.73262  68.67619     CDMS 
     CH3OHvt=0           Methanol 220.07849  1.3e-05         nan         nan                      8(0,8)-7(1,6)          -3.89178     0.0  -4.59931                nan   59.809  86.05131  67.15003  96.61336    SLAIM 
         H2CCO             Ketene 220.17742  7.5e-05         nan         nan                  11(1,11)-10(1,10)               0.0     0.0       0.0                1.0      0.0       0.0       0.0       0.0    Lovas 
    CH3OCHOv=0     Methyl Formate 220.19027  2.1e-05         nan         nan                 17(4,13)-16(4,12)A               0.0     0.0  -3.81615                1.3   64.344  92.57613  71.68876 103.14354    SLAIM 
    g-CH3CH2OH     gauche-Ethanol 231.02517  4.9e-06         nan         nan               5(5,0)-5(4,1),vt=1-1           -7.2555     0.0  -6.88819                nan  65.1423   93.7247  72.84847  104.8121      JPL 
        OCSv=0   Carbonyl Sulfide 231.06099      0.0   231.06099       1e-06                              19-18               0.0    19.0  -4.44633                0.8   69.372  99.81026  77.07937 110.89937    SLAIM 
     CH3CHOv=0       Acetaldehyde 231.18547  1.6e-05   231.18543       5e-05               12(-10,2)-11(-10,1)E               0.0     0.0  -3.87435                nan   198.93 286.21425 206.64152 297.30934    SLAIM 
       13CSv=0 Carbon Monosulfide 231.22069  3.5e-06         0.0         0.0                                5-4           -1.6401    10.0  -3.60083                0.7  15.4261  22.19459  23.13879  33.29137     CDMS 
        H213CO       Formaldehyde 231.24596  4.8e-06         nan         nan                   11(2,9)-12(0,12)            -5.547   0.011  -6.44283                nan 182.7089 262.87584 190.42244 273.97383      JPL 
     CH3OHvt=0           Methanol 231.28115  1.5e-05    231.2811       5e-05                   10(2,9)-9(3,6)--          -4.05822     0.0  -4.73684                0.0  107.208 154.24751 114.92271 165.34719    SLAIM 
      H&alpha; Hydrogen Recombina 231.90093      0.0         0.0         0.0                       H(30)&alpha;               0.0     0.0       0.0                0.0      0.0       0.0       0.0       0.0    Recom 
       CH3OCH3     Dimethyl ether 231.98772 1.01e-05         0.0         0.0                13(0,13)-12(1,12)AA            -4.085   79.35  -3.83926                  b  48.5062   69.7892  56.24448  80.92279      JPL 
        NH2CHO          Formamide 233.59451  1.4e-05         0.0         0.0            11(5,6)-10(5,5),F=12-11               0.0     0.0       0.0                0.0   90.704 130.50207  98.49587 141.71278    SLAIM 
     CH3OHvt=0           Methanol 234.68345  1.7e-05   234.68339       5e-05                    4(2,3)-5(1,4)--          -4.27158     0.0  -4.72717                0.0   34.516  49.66054   42.3442   60.9235    SLAIM 
     CH3OHvt=0           Methanol 234.69847  2.1e-05   234.69845       5e-05                    5(-4,2)-6(-3,4)          -4.74415     0.0   -5.1974                0.0   77.468 111.45853   85.2967 122.72222    SLAIM 
         O13CS   Carbonyl Sulfide 218.19898    8e-06         0.0         0.0                              18-17               0.0     0.0       0.0                0.5      0.0       0.0       0.0       0.0    Lovas 
       CH3OCH3     Dimethyl ether 218.49192    8e-06         0.0         0.0                23(3,21)-23)2,22)EE               0.0     0.0       0.0              11.2f      0.0       0.0       0.0       0.0    Lovas 
    CH3OCHOv=0     Methyl Formate 233.22216  4.5e-05   233.22218         0.0                 19(17,3)-18(17,2)E               0.0     0.0  -4.41202                  b  203.305 292.50886 211.08445  303.7017    SLAIM 
        HCCCHO         2-Propynal 233.38997 0.000159         0.0         0.0                  25(6,20)-24(6,19)               0.0   23.56  -3.41975                0.0  169.137 243.34901 176.92205  254.5499    SLAIM 
   CH3CH2CNv=0      Ethyl Cyanide 233.43599    1e-05   233.43606       5e-05                  26(19,8)-25(19,7)               0.0 12.1157  -3.29956                0.0  374.256  538.4678 382.04259  549.6709    SLAIM 
        HCCCHO         2-Propynal 233.66618 0.000212         0.0         0.0                  25(9,17)-24(9,16)               0.0   21.76  -3.45272                0.0  262.806 378.11704 270.60026 389.33118    SLAIM 
    CH3OCHOv=0     Methyl Formate 233.64981  2.5e-05   233.64988         0.0                 19(12,7)-18(12,6)E               0.0     0.0  -3.93426                0.5  136.508 196.40343 144.30172 207.61679    SLAIM 
    CH3OCHOv=0     Methyl Formate 233.62708  2.4e-05         0.0         0.0                   17(9,8)-17(8,9)A               0.0     0.0  -4.84621               0.4b   92.336 132.85014 100.12896 144.06241    SLAIM 
        NH2CHO          Formamide  233.5944  1.4e-05         0.0         0.0                    11(5,7)-10(5,6)               0.0  8.7275  -3.03744              40.1f   90.704 130.50207  98.49587 141.71277    SLAIM 
        NH2CHO          Formamide  233.7456  1.2e-05         0.0         0.0                    11(4,7)-10(4,6)               0.0  9.5456  -3.03457              20.2f   72.085 103.71364  79.88191 114.93159    SLAIM 
     CH3OHvt=0           Methanol 232.41857  1.6e-05   232.41859       5e-05                   10(2,8)-9(3,7)++          -4.05184     0.0  -4.72829                0.0  107.208 154.24751 114.96065 165.40178    SLAIM 
